# Kurulu header modelinin (v4_80603) egitildigi belgeler.
# 2153 makale
15
23
55
275
598
1479
2638
3476
3775
6969
9970
9973
9982
10212
10353
13187
13473
15992
16219
16828
16982
17022
17032
17613
19641
20037
20387
20483
20489
20671
21136
22825
25269
25648
25927
26875
26894
27075
28202
28381
28492
29737
29875
30364
31159
32230
37663
37774
37842
37892
38272
38398
38873
39268
39351
39534
39672
43702
44240
44430
44661
45300
46142
46309
46927
46972
47528
47560
47786
47972
48116
48544
48590
48627
48760
49230
49255
49462
50057
51498
51770
53339
53758
54709
54845
54846
55070
55081
55232
55355
55610
55636
55910
56483
56643
56945
56948
57070
57103
57110
57227
57848
57854
58514
58525
58551
59051
59077
59529
59647
60095
60248
60603
60939
60961
61639
61896
61905
62268
62269
62895
63584
63931
64706
64786
64825
65964
65989
66460
66470
66478
66532
67163
67277
68231
68379
68381
68398
68494
68522
68931
69102
69337
69366
69523
69724
69947
70013
70193
70257
70520
71168
71307
71632
72105
72114
72228
73736
73737
73864
73921
73925
74742
75016
75342
75347
75791
75972
76151
76280
76302
76357
76454
76540
76867
77723
78274
78365
79176
79320
79463
79569
80533
80558
80710
80864
80887
80990
81572
81916
82053
82346
82427
82459
82594
83426
83444
84297
84571
84575
84584
84955
85033
85214
86075
86106
86258
86459
86564
86867
86908
87226
87347
87368
87385
87530
87621
87793
87848
87956
88534
89083
89336
89491
89545
89566
89682
89689
89778
89849
89959
90612
90875
91072
91076
91120
91282
91310
91481
91788
92472
92650
92678
92688
92929
93629
93707
94672
94890
95781
96119
96663
96722
96855
97473
97690
98193
98335
98337
98445
98451
99438
99670
99736
99871
100112
100298
100456
101152
101974
102259
102298
102338
102924
103566
103730
104708
104739
104830
105056
105164
105569
105861
106177
106226
106349
106649
107006
107033
107186
107188
107536
107827
107963
108126
108204
108533
108535
109025
109164
109167
109244
109701
109869
109897
110390
111330
111993
112119
112361
112433
112563
112816
112838
114060
114545
114670
114957
114991
115387
115641
116149
116241
116454
116462
116933
116969
117086
117259
117509
117716
117935
118308
118422
118544
118711
118809
119192
119216
119505
119968
120518
120790
122668
122879
123197
123437
123484
124582
124771
125188
125194
125416
125417
126190
126764
126805
126806
127098
127516
128273
128463
128499
128914
129440
129602
130101
130510
130616
131238
131295
131599
131961
132177
132217
132305
132570
132928
133078
133167
133469
133529
134006
134147
134564
134821
134850
135097
135206
135349
135366
135376
135608
136162
136936
137191
137563
137592
138484
139157
139372
139643
139801
140153
140713
140828
141581
141807
141865
141871
141975
142144
142641
142795
142801
142971
143110
143455
143780
145687
147893
148984
149131
149365
149412
149850
150565
151267
151987
152060
152441
152796
153966
154602
154897
154967
154990
155248
155618
156172
156278
156545
157053
157267
157305
157706
157900
158044
158479
159022
159453
160282
161376
161931
162584
162678
163983
164869
164892
165515
167021
167915
168521
169546
170119
171630
171888
172026
172702
173717
173960
174219
174365
174547
175274
175645
177898
178132
178225
178373
178712
178846
179320
180743
181125
181227
181578
182350
182560
182646
183275
183738
183948
184245
184443
184664
184793
184998
185139
185193
185806
186414
186454
186597
187506
187544
187726
188372
188653
188931
189081
189243
189384
189652
190116
190179
190369
190747
190964
191223
191716
191758
191930
192111
192352
192928
194392
194647
194688
195685
197281
198662
199015
200387
200949
201330
201413
201559
201693
201803
201944
202599
202635
203040
203118
204382
204976
205121
205612
205712
205911
206161
206593
206835
207048
208010
208483
209405
210396
210888
211091
211282
211462
211476
212187
212230
212546
212578
212750
212761
213655
215588
216125
216296
216670
217226
217563
217665
217712
218514
218803
220143
220242
220290
220534
221089
221130
221372
222677
222964
224070
224255
224396
224403
224450
225711
226320
226385
226934
227033
227109
227874
227923
228296
228396
229510
229845
230277
231170
231257
231283
231740
232147
232156
233917
233923
233926
233976
234241
235210
235335
235488
235844
236047
236931
237170
237852
237860
238012
238104
238884
238904
239197
240146
240178
240339
241214
241430
241473
241564
242043
242226
242702
242805
243560
245155
246860
247122
247163
247192
248053
248952
250045
250671
250694
251693
251972
252034
252228
252653
253182
253714
253719
254224
254263
254329
254772
255028
256089
256272
256310
256352
256618
256861
256907
257811
258076
258085
258134
259060
259107
259318
259831
259912
261579
262838
263681
264458
264794
264861
265181
265288
265485
265598
266260
266509
266626
266627
266705
266853
266873
266967
266970
267181
267566
267627
267646
268164
268564
268613
268717
268740
268889
268891
269114
269116
269124
270423
270460
270687
271124
271246
271392
271441
271728
271845
272032
272520
272586
272770
273998
274047
274484
274673
274944
275628
276853
278356
278905
278951
280394
280787
281658
281670
282795
283144
283208
283307
283518
283594
283634
284284
285245
286188
287071
288319
288669
288848
288904
289187
289570
289760
290546
291294
291306
291491
291564
291993
292036
292103
292299
292538
292850
292944
292998
293351
293387
293923
294759
294833
294860
295885
295887
298043
298228
298234
298242
298444
298563
299260
299925
299953
300379
301089
301298
301397
301398
301804
301929
302086
303028
303054
303144
303441
303496
304153
304275
305927
306001
306527
306749
306857
307394
307664
307901
308281
308410
308990
309110
309766
312837
313018
313270
313507
313824
313976
314004
314031
315256
315544
316875
316899
317049
317634
317803
317918
318220
318344
318762
319455
319691
320076
320188
320273
321188
321504
321730
321731
321936
321988
321998
322091
322200
322304
322342
322712
322802
322880
323502
323505
323658
324101
325222
325670
326693
326794
326866
326899
327433
327833
327843
327938
327969
327985
328116
329732
329810
329894
329948
330775
331077
331131
331214
331454
333754
334924
336380
337622
337632
337667
339110
339477
340776
341763
342612
343702
343848
344073
345265
345339
345484
345641
345955
349328
350371
350929
353168
353435
353545
353862
354458
355110
355703
355969
356254
356309
356564
356894
357584
358176
358568
358807
359460
359732
360186
360996
362049
362588
362604
362687
362994
363194
363223
363527
363774
364492
364674
364725
364890
365868
366920
368082
368130
368942
369176
369268
369421
369783
370141
370395
371684
372054
372659
372789
374600
374614
375019
375954
375996
376200
376628
377029
377051
377074
377125
377947
378424
378431
378866
379095
379234
379429
379742
379935
380126
380226
382126
382354
382574
383285
384544
384889
385141
385996
386525
386745
387060
387350
388040
389230
389244
390073
390118
390310
391374
392368
392678
392915
395413
396761
396904
396968
397112
397385
397401
397448
397553
397688
397861
398197
398424
398696
399089
399159
399484
399498
399576
400293
400591
401109
401924
402993
403255
403320
403426
403546
403587
403842
404186
404916
404984
405323
405534
405650
405663
405827
405927
406568
406893
407026
408240
408471
408703
409541
409569
409909
410390
410534
411118
411273
411669
411733
412059
412981
413042
413684
413690
413757
414387
414642
414683
414686
415055
415107
415131
415231
415686
417202
418256
418418
419812
419850
420912
421257
421260
421659
423644
423674
424859
424986
425068
425080
425090
425337
425351
425389
425548
425604
425657
425913
425930
426510
426717
426767
427010
427866
428567
428945
430228
430312
430488
430550
431114
431343
432536
434883
436112
436377
436528
437185
437373
437611
437679
438626
439232
439706
439885
440919
441258
442268
442355
442571
444033
444138
445918
446244
447518
447627
449140
449716
449788
450105
450137
450897
450926
451953
451979
452166
452234
452293
453412
453478
453865
454850
455850
455906
456574
456889
456909
457336
457610
457740
458114
458373
458688
459305
459384
460541
461536
462307
462421
462616
463036
463216
463279
465068
465507
466043
467075
467274
467768
467780
468070
468741
468775
469265
469522
470102
470456
470870
470875
473228
473471
473782
473795
475030
477708
479523
480897
481672
481687
482975
483248
483629
485175
486691
487002
487071
487125
488135
488256
488988
489453
489921
490201
491405
491475
491972
493135
493488
493612
493644
494128
494667
496689
497042
498442
499527
500537
501140
501149
501842
502605
503098
503099
504325
504963
504986
505774
505840
505886
506241
507117
507747
508121
508934
509347
509492
510690
510713
510773
512496
512726
512732
512773
512804
512908
513254
513341
514001
514345
515797
516182
517144
517274
517704
518283
518469
519034
519064
519829
519967
520653
520696
520714
520734
522615
523014
523213
523586
524169
524714
525216
526920
527866
528811
528901
530057
531218
531796
531948
532287
534023
534187
534368
535459
535978
536003
537183
601694
602032
608404
608764
609125
609126
609343
609360
609410
609464
609854
609871
610313
610420
610568
610791
611065
611219
611274
611330
611332
611346
612088
612775
613327
613656
614118
614332
614463
614797
614828
615024
615299
615565
616304
616332
616424
616752
616998
617720
618252
618467
618484
618782
618875
619002
619159
619747
619780
620166
620357
620467
620706
621613
621811
621918
1058290
1072934
1098469
1100596
1105555
1105785
1106108
1106475
1107124
1107136
1107346
1107904
1108569
1109188
1109834
1109860
1109995
1110230
1110861
1111369
1111621
1111904
1112223
1112405
1112477
1112652
1112709
1113053
1113373
1113881
1114908
1115076
1115435
1115493
1115758
1116060
1116255
1116885
1117004
1117482
1117484
1118797
1119126
1119130
1119183
1119339
1120161
1120191
1121072
1121499
1121792
1121929
1122204
1122717
1122744
1123037
1124677
1125338
1125483
1126354
1127624
1129278
1129687
1130335
1130362
1130592
1130634
1132142
1132148
1132175
1132676
1132711
1132814
1134213
1134255
1135382
1135462
1135515
1136117
1136228
1136330
1136488
1136695
1138213
1139798
1139968
1140320
1140827
1141573
1141857
1141918
1143868
1144161
1144308
1144349
1144630
1144931
1145097
1145295
1146127
1146365
1146880
1146998
1147642
1148221
1149336
1149409
1149571
1149618
1150147
1150323
1150816
1151422
1151602
1151707
1153349
1154321
1155692
1155709
1155863
1155934
1155959
1156158
1156264
1158410
1158488
1158578
1159161
1159426
1159967
1160007
1160185
1160618
1160679
1160871
1161000
1161069
1161325
1161358
1161421
1161600
1161907
1162555
1162911
1163535
1163586
1163592
1163610
1163949
1164932
1165268
1165648
1165748
1166195
1166227
1166278
1166918
1167010
1167518
1167664
1168394
1169343
1170221
1170256
1171034
1171148
1171722
1171829
1172075
1172134
1172316
1172323
1172508
1172908
1175324
1175387
1176916
1177665
1179108
1179152
1179559
1179725
1180137
1180745
1180860
1181145
1181403
1181503
1181580
1181927
1182040
1182043
1182531
1182969
1184224
1184234
1184684
1184923
1185287
1185822
1185898
1185987
1186046
1186256
1186561
1186652
1187242
1187320
1187515
1187676
1187686
1187703
1187843
1188471
1188801
1188888
1189312
1189592
1190216
1190461
1190546
1191723
1192064
1192622
1192663
1192901
1193198
1193480
1193558
1193679
1193697
1193853
1193894
1194004
1194516
1194797
1194804
1194925
1195019
1195163
1195729
1195755
1197057
1197357
1197530
1198531
1198587
1199111
1199500
1199762
1199802
1199823
1200219
1200380
1200949
1201520
1201543
1203018
1205540
1205913
1206054
1206332
1206385
1206862
1207571
1207899
1208083
1208167
1208903
1209533
1211573
1211831
1212262
1212451
1212870
1213159
1214606
1214892
1214951
1215030
1215169
1215419
1215916
1216017
1216047
1216204
1216259
1216443
1216448
1216779
1216924
1217076
1217452
1217754
1217848
1218097
1218314
1218345
1218938
1219169
1219239
1219886
1220046
1220229
1220742
1220844
1220926
1221074
1221392
1221720
1222899
1222908
1223401
1223489
1225478
1226453
1226546
1226998
1227007
1227808
1227918
1228694
1229729
1229733
1229736
1230259
1230265
1230382
1230857
1230950
1231253
1231967
1232294
1232338
1232349
1232719
1233101
1233203
1233781
1233813
1233877
1233941
1234253
1234497
1234544
1234926
1235027
1235089
1235264
1235502
1235545
1235863
1236274
1236510
1236532
1236711
1236764
1236793
1238032
1238569
1238947
1239574
1239664
1239674
1239823
1239896
1240080
1241151
1241664
1241801
1241897
1242016
1242568
1243597
1243680
1244068
1244987
1245238
1245390
1245688
1245976
1246090
1246884
1247066
1247160
1247670
1248206
1248283
1249786
1249879
1250385
1250412
1250500
1251325
1251427
1251561
1251699
1252542
1253168
1254275
1254649
1255251
1255817
1256674
1256676
1256711
1256748
1256760
1257187
1257290
1257738
1257962
1257965
1258083
1258471
1258571
1258765
1259376
1259984
1260052
1260572
1261542
1262065
1262257
1262469
1262545
1262782
1262963
1263834
1264176
1264959
1264962
1265286
1265448
1265744
1266354
1266401
1266410
1266664
1266889
1266967
1267446
1267649
1267706
1268229
1268500
1269050
1269107
1269239
1269800
1271073
1271482
1272106
1272300
1272308
1272318
1272606
1273037
1273847
1274804
1274830
1274994
1275834
1276502
1276523
1276729
1277594
1277788
1277926
1278007
1278033
1278449
1278755
1279440
1279507
1279596
1279920
1280281
1280374
1280393
1280426
1280435
1280843
1281178
1281207
1281676
1281940
1282124
1282253
1282296
1282423
1282627
1283103
1283110
1283306
1283364
1283954
1284097
1284099
1284311
1284315
1284362
1284496
1285088
1285255
1285350
1285428
1285696
1285895
1286621
1287070
1287692
1287700
1287732
1287786
1288892
1289024
1289576
1290219
1290386
1290490
1290633
1291833
1291859
1292143
1292683
1293709
1294179
1294273
1294742
1294812
1295181
1295765
1295816
1297098
1297288
1297542
1298299
1298329
1298713
1298851
1298866
1298950
1299023
1299460
1299630
1299779
1299836
1300308
1300669
1300782
1301521
1301739
1301785
1301873
1302653
1302678
1304035
1304263
1304320
1304584
1304976
1305007
1305131
1305332
1305534
1305621
1305654
1305789
1306838
1307132
1307182
1307861
1308611
1308674
1308847
1309564
1310556
1310904
1311818
1312433
1312806
1313426
1313493
1313557
1313559
1313561
1313585
1314168
1314638
1314706
1316078
1317742
1318995
1319493
1320478
1322142
1322642
1322765
1322791
1322997
1323171
1323863
1324079
1324121
1324235
1326045
1326502
1326864
1327659
1327743
1327906
1328124
1328228
1328244
1328266
1328312
1328856
1329064
1329116
1329275
1329325
1329712
1330486
1330832
1330975
1331596
1331779
1331802
1332093
1333044
1333172
1333287
1333391
1333423
1333536
1333721
1333887
1334119
1334498
1334502
1334742
1334748
1335229
1336272
1336371
1336901
1336987
1337133
1337334
1337947
1338203
1339953
1340603
1341279
1341344
1341898
1343228
1343598
1343791
1343991
1344173
1344404
1345581
1347485
1348043
1348657
1348827
1349003
1349302
1349341
1350615
1350784
1351272
1351558
1352188
1352474
1352482
1353302
1353641
1353757
1353772
1354077
1354092
1354313
1354861
1354998
1355111
1355387
1355574
1355589
1355908
1357529
1357581
1357780
1358115
1360022
1360408
1360516
1360651
1361560
1361604
1363765
1363961
1364560
1365070
1365723
1367337
1368081
1368389
1368721
1368863
1369372
1369509
1370131
1370474
1370695
1371260
1371272
1371561
1372010
1373303
1373739
1373850
1374025
1374375
1374592
1375531
1375786
1376085
1377559
1379111
1380663
1380709
1382214
1383052
1383935
1384197
1385719
1386112
1386290
1386317
1386717
1386823
1387244
1387711
1389250
1389625
1389968
1390069
1390085
1390102
1390396
1390600
1391234
1391324
1391377
1391880
1392317
1392396
1392779
1392871
1393351
1393358
1393955
1394307
1394408
1396455
1396904
1397163
1397165
1397281
1397422
1397569
1397943
1398043
1398330
1398619
1398805
1399036
1399477
1399483
1400416
1401144
1401217
1401606
1401796
1402096
1403178
1403945
1404818
1405051
1406161
1406196
1406795
1408446
1410715
1416569
1420870
1425511
1425984
1434816
1439501
1439503
1442084
1443523
1447971
1448849
