# Genisletilmis egitim havuzu: indirilen tum makaleler. Test kumeleriyle kesismemesi adim1_veri_topla.py'de garanti altinda.
# 3992 makale
23
275
425
598
1479
1596
2638
2925
3130
3426
3476
3775
4722
4981
6094
6855
6969
12009
12397
12444
14005
15474
15600
15713
15992
16629
16653
16982
17032
18884
19003
19381
19561
19572
19993
20574
20671
20704
20706
21136
21297
21734
22059
22839
23702
24216
24225
24755
25648
25816
25927
26885
26894
28153
28202
28492
29737
30064
30364
31159
32230
33222
35711
36715
37333
37546
37721
37774
37842
37892
38078
38726
38731
38873
39268
39351
39534
39672
39961
40372
41124
42513
42521
43683
43702
43987
44144
44240
44303
44430
44454
44661
45158
45949
46142
46734
46927
47497
47560
47786
47972
48397
48544
48813
48947
49150
49230
49377
49462
50053
50057
51767
52186
52572
52586
53758
54386
54767
54845
54846
55129
55131
55232
55440
55610
55636
55703
55910
56218
56483
56511
56834
56836
56968
57227
57417
57443
57583
58514
58551
58565
58575
58601
59051
59647
59700
59767
60250
60603
60700
60939
60981
61055
61826
61896
61905
62268
62269
62746
62753
62895
63226
63584
63727
63741
63931
64131
64333
64491
64545
64706
64786
64825
65025
65081
65428
65838
65842
65964
65989
66087
66595
66807
67163
68181
68398
68461
68494
68522
68885
68921
68931
69724
69865
70013
70193
70577
70634
70736
70824
70883
71120
71168
71495
71593
71632
71748
71843
71883
71951
72105
72114
72116
72699
73239
73736
73737
73864
73921
74262
74656
74693
74742
75016
75299
75342
75387
75553
75972
76077
76151
76216
76280
76302
76357
76363
76454
76540
76755
76867
77691
77723
77755
78203
78274
78365
78420
79176
79299
79382
79463
79565
79607
79918
79935
79973
80145
80533
80710
80717
80859
80864
80887
80925
81202
81572
81916
82053
82293
82427
82459
82549
82594
83094
83268
83426
83444
83637
83961
83995
84088
84159
84285
84297
84572
84575
84584
84701
85033
85127
85214
86075
86234
86258
86459
86508
86564
86572
86583
86720
86765
86867
86945
87226
87347
87385
87425
87485
87530
87956
88047
88143
88360
88429
88764
89014
89083
89336
89491
89566
89627
89689
89778
89849
90112
90333
90390
90442
90612
90875
90960
90984
91021
91076
91120
91210
91282
91310
91371
91673
91788
91978
92472
92650
92688
92818
92929
93244
93369
93629
93707
94120
94440
94672
94735
94890
95039
95100
95155
95405
95781
96012
96119
96346
96506
96644
96663
96722
96855
96946
97073
97218
97473
97690
98193
98337
98451
99328
99338
99438
99490
99670
99736
99836
99997
100112
100234
100298
100456
100900
101152
101176
101229
101627
101974
102235
102259
102290
102298
102338
102723
102924
103730
103913
103934
104176
104581
104688
104708
104739
104821
104830
104849
105056
105079
105278
105325
105375
105569
105801
105861
105999
106177
106226
106349
106649
106701
107006
107033
107186
107188
107536
107721
107827
107831
107963
108126
108204
108410
108533
108535
108626
108723
108798
109025
109056
109164
109244
109325
109701
109838
109869
109897
110156
110390
110394
110471
110511
110654
110667
111297
111330
111751
111993
112119
112169
112361
112368
112433
112455
112563
112816
112838
113350
113406
113472
113709
113938
114060
114293
114545
114610
114670
114957
114991
115001
115299
115387
115641
116035
116754
116922
116933
116969
117086
117259
117447
117509
117690
117716
117917
117935
118308
118544
118711
118757
118809
118917
119192
119216
119424
119505
119968
120012
120164
120269
120518
120790
120982
121275
121562
121847
121912
122653
122668
122837
122879
122953
123197
123437
123484
123930
124098
124470
124582
124771
125081
125188
125194
125416
125417
125997
126190
126565
126656
126805
126806
126916
127098
128273
128387
128463
128499
128914
129149
129278
129337
129440
129511
129602
130101
130510
130521
130616
130880
131175
131222
131238
131246
131295
131484
131599
131638
131671
131844
131906
131961
131962
132177
132217
132252
132305
132527
132570
132708
132924
132928
132937
133078
133167
133469
133529
133569
133660
133776
133785
133831
133839
134006
134061
134147
134453
134474
134564
134664
134699
134821
134850
134953
135051
135206
135349
135366
135376
135519
135608
135841
135917
136162
136246
136737
136768
136936
137116
137166
137178
137191
137214
137250
137361
137563
137592
137908
138247
138484
138517
138979
139157
139456
139560
139643
139791
139801
140109
140153
140167
140329
140713
140828
141094
141326
141373
141581
141807
141871
142144
142327
142641
142795
142801
142971
143131
143366
143388
143455
143562
143698
143780
144222
144759
145121
145241
145320
145643
145677
145687
145744
145788
145976
146603
147276
147893
148114
148338
148424
148470
148502
148880
148984
149096
149131
149161
149365
149380
149412
149493
149846
149850
150565
151083
151267
151457
151987
152060
152098
152354
152385
152441
152573
152788
152796
152842
152974
153003
153217
153294
153603
153783
153937
153966
154136
154400
154450
154602
154897
154967
154990
155035
155168
155248
155381
155392
155437
155618
155962
156172
156270
156278
156498
156545
156776
156808
156959
157053
157267
157276
157305
157706
157805
157900
158044
158224
158479
158517
158541
158664
159022
159453
159558
159582
160170
160282
160375
160790
160856
160888
161376
161489
161632
161931
162033
162268
162481
162584
162678
163759
163983
164402
164869
164892
165098
165379
165515
165777
166506
166579
166789
167021
167065
167229
167627
167915
168057
168396
168521
168526
168581
169212
169305
169546
169573
169771
170119
170203
170274
170351
171630
171818
171888
172026
172702
172811
172856
173717
173960
174219
174365
174547
175274
175645
176114
176358
176904
177063
177238
177898
178132
178190
178225
178305
178373
178712
178846
179018
179047
179255
179315
179320
179559
179584
179897
180012
180743
180912
180971
181125
181227
181241
181578
181614
181869
182350
182560
182565
182584
182646
182867
183275
183519
183738
183754
183888
183938
183948
184245
184443
184467
184664
184793
184959
184998
185139
185193
185274
185806
185881
186414
186454
186517
186597
186705
187506
187544
187568
187726
187959
188132
188305
188372
188653
188915
188930
188931
189081
189243
189384
189405
189440
189455
189652
189910
190116
190179
190304
190367
190369
190747
190964
190977
191223
191368
191716
191752
191758
191909
191929
191930
192111
192352
192567
192928
194392
194647
194688
195685
196031
196195
196410
197133
197158
197281
198262
198282
198662
199015
199426
200093
200098
200387
200760
200884
200949
201330
201413
201559
201693
201803
201944
202599
202635
202839
202963
203040
203118
203880
204142
204382
204976
204995
205121
205195
205612
205712
205866
205911
205933
206054
206107
206161
206222
206593
206683
206756
206835
206931
207048
207631
208010
208483
208523
208769
209212
209405
210108
210396
210791
210888
211046
211091
211282
211344
211462
211476
212187
212230
212542
212546
212578
212750
212761
213530
213655
213801
214850
215320
215588
216059
216125
216138
216296
216670
216843
217226
217563
217665
217712
217814
217933
217956
218002
218027
218183
218514
218803
218805
218943
218953
219269
219702
219723
219790
219918
220143
220173
220242
220245
220290
220534
220901
221089
221130
221142
221372
221375
221591
221770
221884
222083
222447
222677
222964
223969
224070
224255
224396
224403
224450
224747
225050
225285
225383
225501
225626
225711
226320
226385
226484
226710
226934
227033
227109
227334
227775
227825
227874
227923
228011
228296
228309
228396
228430
228803
229059
229510
229845
230121
230277
230626
231170
231257
231283
231740
231757
231773
231890
232147
232156
232629
232833
233168
233171
233208
233386
233917
233923
233926
233976
234241
234308
234320
234537
234607
234748
235002
235064
235197
235210
235335
235440
235488
235653
235786
235844
235878
236047
236172
236313
236470
236653
236930
236931
237170
237498
237506
237663
237852
237860
237880
238012
238104
238307
238738
238884
238904
239197
239229
239282
239487
240086
240146
240178
240275
240339
240580
240659
240962
240975
241214
241430
241473
241547
241564
242043
242226
242702
242784
242805
243531
243541
243560
244007
244545
244884
245010
245155
246518
246860
247092
247122
247163
247192
247310
248053
248631
248758
248952
249156
249282
249332
249534
249581
250045
250080
250621
250671
250694
250743
250874
250948
251432
251693
251972
251982
252034
252228
252653
253182
253534
253714
253719
253903
254203
254224
254263
254329
254433
254772
254860
254985
255028
256089
256272
256310
256352
256618
256640
256827
256861
256907
256992
257291
257735
257783
257811
257964
258076
258085
258134
258244
258564
259060
259107
259318
259715
259753
259831
259912
260206
260282
260363
260459
260524
261123
261125
261404
261579
262186
262807
262838
262931
263681
263872
264225
264417
264458
264495
264566
264794
264861
264903
265181
265288
265485
265598
265735
266260
266509
266626
266627
266705
266838
266853
266872
266873
266967
266970
267119
267181
267519
267566
267567
267588
267627
267646
268076
268164
268261
268564
268613
268684
268717
268740
268889
268891
268907
269114
269116
269124
269246
269344
270118
270423
270460
270687
271059
271076
271124
271246
271365
271387
271392
271441
271663
271728
271845
272032
272305
272520
272586
272770
273079
273998
274047
274463
274484
274673
274872
274944
274998
275202
275628
275804
276853
277140
278226
278356
278734
278905
278951
279049
279121
279511
279844
279896
280394
280787
281289
281382
281447
281658
281670
281901
281916
282118
282514
282795
282860
282861
282997
283095
283111
283144
283208
283274
283292
283307
283362
283380
283383
283518
283594
283634
283880
283915
284045
284237
284242
284284
284821
285245
285322
285675
285977
286188
286973
287071
287172
287196
287349
287462
287748
287784
287901
287905
287938
288319
288513
288669
288848
288904
288959
289187
289278
289570
289760
290342
290479
290546
290690
290818
290912
290919
291294
291306
291491
291564
291983
291993
292036
292103
292299
292538
292579
292725
292806
292850
292883
292888
292936
292944
292998
293151
293351
293384
293387
293795
293923
294759
294777
294788
294833
294860
294952
295763
295796
295814
295885
295887
296106
296916
297684
298043
298228
298234
298242
298444
298478
298563
298581
298596
299260
299925
299953
300199
300379
300561
300572
300766
300987
301089
301116
301205
301298
301397
301398
301804
301929
302075
302086
302362
302413
302930
303028
303054
303144
303272
303291
303439
303441
303496
303654
303757
304153
304275
304336
304338
304468
304603
304889
304894
305077
305336
305417
305707
305927
306001
306032
306238
306263
306527
306749
306857
306967
307151
307296
307394
307664
307901
308281
308410
308643
308749
308804
308990
309110
309147
309485
309616
309766
309897
310045
310103
310164
310884
311286
311316
311639
312009
312419
312574
312609
312837
312982
313018
313061
313270
313398
313507
313526
313824
313923
313976
314004
314031
314140
314932
314977
315256
315544
315698
315963
316023
316049
316149
316875
316899
317049
317098
317142
317634
317803
317918
318220
318304
318344
318355
318493
318762
318898
319012
319057
319285
319455
319574
319603
319631
319691
319843
319849
319965
320076
320188
320273
320335
320857
321001
321188
321394
321504
321730
321731
321824
321936
321988
321998
322031
322091
322200
322304
322342
322386
322701
322712
322802
322852
322880
323289
323502
323505
323658
323814
324101
324488
324790
324890
325222
325248
325670
325768
326412
326415
326633
326693
326723
326794
326810
326866
326899
327154
327156
327409
327433
327445
327536
327833
327843
327938
327969
327984
327985
328115
328116
328235
328361
329252
329378
329402
329491
329684
329732
329810
329862
329894
329948
329973
330375
330466
330775
331077
331128
331131
331132
331214
331454
331565
331992
333043
333084
333226
333659
333754
334289
334450
334924
335367
336380
336402
336637
336719
337397
337622
337632
337667
337836
337929
338173
338256
338274
338460
338807
338878
339088
339110
339226
339477
339503
339580
339702
339800
340001
340776
341201
341328
341329
341632
341763
341779
341839
342612
342925
342957
343233
343702
343735
343848
343924
344073
345213
345265
345268
345339
345484
345641
345732
345955
346023
347270
347778
347853
347865
348761
348927
349328
350371
350929
350979
351942
353168
353275
353435
353486
353545
353784
353862
354276
354323
354445
354458
354512
355110
355529
355703
355969
356014
356104
356254
356261
356309
356564
356862
356894
357190
357433
357584
357882
358138
358176
358508
358529
358549
358568
358807
359035
359460
359471
359732
360186
360212
360683
360996
361270
362049
362169
362484
362588
362604
362687
362949
362994
363130
363164
363194
363223
363527
363774
364349
364492
364674
364725
364767
364890
364997
365223
365368
365418
365420
365868
366051
366377
366811
366842
366866
366920
367549
367755
368082
368130
368565
368942
368996
369176
369221
369254
369268
369421
369783
369914
370049
370141
370204
370378
370395
370857
371211
371312
371684
371916
371978
372054
372659
372733
372782
372789
373640
373701
374301
374531
374600
374614
375019
375593
375842
375954
375996
376200
376374
376628
376960
377029
377045
377051
377074
377125
377932
377947
378016
378165
378424
378431
378514
378578
378866
378976
379095
379234
379429
379742
379935
380126
380226
380934
381040
382126
382128
382349
382354
382574
382656
382782
383285
383782
384544
384889
385052
385141
385359
385418
385996
386184
386525
386604
386745
386797
386818
386849
387060
387197
387230
387320
387350
387573
387622
387886
388040
388866
388952
389165
389175
389230
389244
389946
390073
390118
390310
390810
391056
391374
392368
392678
392914
392915
393472
395269
395400
395413
396023
396087
396542
396638
396761
396904
396945
396968
397112
397385
397401
397448
397553
397688
397861
398197
398294
398424
398696
398750
398814
399079
399089
399159
399484
399498
399576
399750
400197
400293
400591
400857
401109
401249
401924
401991
402182
402198
402536
402850
402948
402993
403028
403085
403255
403320
403382
403426
403546
403587
403842
404186
404916
404942
404984
405086
405323
405473
405534
405650
405663
405818
405827
405868
405927
406049
406157
406568
406890
406893
407026
407476
407899
407992
408240
408471
408703
408773
408777
408785
409354
409541
409569
409909
410280
410390
410534
411118
411273
411612
411669
411733
412059
412087
412274
412448
412981
413042
413345
413406
413684
413690
413757
414387
414431
414535
414537
414642
414666
414683
414686
415055
415107
415131
415231
415503
415545
415686
415712
415778
416034
416248
416534
416658
417202
418256
418418
418511
419241
419766
419812
419850
420370
420787
420912
421238
421257
421260
421347
421453
421537
421583
421659
421672
422254
422445
422948
423223
423251
423445
423486
423644
423674
423918
424005
424062
424859
424986
425068
425090
425183
425207
425337
425351
425389
425548
425604
425913
425920
425930
426213
426510
426717
426733
426767
427010
427054
427116
427360
427520
427866
428158
428567
428639
428945
429445
429450
429650
429849
429906
430312
430488
430851
431114
431343
432132
432536
434883
435119
435153
435458
436112
436195
436377
436528
437185
437240
437373
437667
437679
438626
439232
439481
439706
439885
440090
440093
440101
440555
440919
441258
441802
441941
442355
442571
444033
444138
445211
445918
446244
447017
447511
447518
447528
447598
447627
447859
448562
448914
449716
449750
449788
449932
450082
450105
450137
450897
450926
451326
451507
451624
451691
451806
451921
451953
452166
452234
452293
452635
453412
453478
453675
453744
453794
453865
454312
454850
454989
455029
455715
455850
455906
456015
456241
456401
456552
456574
456734
456763
456889
456909
457094
457336
457610
457740
457837
458114
458373
458688
458788
458803
459199
459266
459302
459305
459384
459465
460541
460952
461536
461841
462307
462421
462436
462616
462736
462767
462770
463036
463216
463237
463279
463439
463631
464763
465068
465507
465782
465790
465794
466043
466362
466940
467075
467274
467373
467768
467771
467780
468070
468445
468741
468775
469034
469100
469265
469522
469720
469809
470102
470413
470456
470492
470599
470870
470875
471314
471778
472169
473228
473471
473579
473782
473794
473795
473811
473848
477163
477492
477708
478658
479473
479523
480660
480856
480897
481672
481687
482020
482642
482859
482975
483115
483248
483629
484421
484580
484603
484775
485175
486691
486772
486848
487002
487071
487122
487125
487359
487492
487607
488081
488135
488256
488988
489308
489453
489822
489921
490201
490538
490592
491202
491405
491475
491972
492374
493135
493488
493612
493644
493652
494125
494128
494548
494659
494868
496499
496689
497042
498971
499527
500052
500325
500537
500544
501044
501140
501149
501220
501842
502475
502518
502605
502756
503098
503099
503438
504325
504963
504986
505585
505620
505840
505886
505888
506140
506157
506239
506241
506298
506374
506516
506523
506567
506623
506799
507117
507166
507747
507818
508054
508121
508859
508934
508996
509330
509347
509906
509911
509967
510396
510438
510690
510713
510773
511067
511075
511183
511916
512375
512496
512641
512726
512773
512804
512908
513254
513341
513405
514001
514099
514345
514565
514871
515728
515797
516182
517009
517144
517274
517366
517603
517704
517911
517914
517916
517987
518283
518469
518621
518817
519034
519064
519359
519663
519783
519829
519967
520261
520653
520696
520714
521190
521867
522615
522878
523014
523129
523177
523213
523586
523978
524169
524528
524714
525216
525591
525813
525891
526920
527866
528811
528901
529062
529975
530057
531218
531796
531806
531948
531987
532207
532287
533155
533227
533559
534023
534187
534368
534599
535459
535978
536003
537183
600047
600227
600365
600504
600665
600671
600766
600895
601062
601096
601575
601587
601645
601694
601853
601867
601958
602032
602077
602078
602278
602313
602399
602461
602561
602726
602817
602911
603006
603037
603121
603146
603691
603857
603965
604194
604316
604471
604488
604508
604561
604597
604787
604789
604856
604944
605032
605061
605096
605335
605356
605405
605577
605664
605937
605948
605990
606313
606524
606642
606745
606784
606814
606953
607095
607179
607250
607314
607368
607455
607721
607771
607811
607905
607939
608004
608009
608087
608152
608231
608404
608445
608764
608792
609023
609125
609126
609282
609343
609360
609410
609464
609562
609690
609782
609854
609871
609952
610090
610132
610181
610313
610420
610458
610506
610568
610791
610962
610971
611065
611219
611265
611274
611330
611332
611346
611478
611852
611877
612088
612291
612364
612627
612775
613327
613610
613656
614044
614118
614130
614332
614463
614797
614828
615024
615299
615333
615376
615565
616218
616304
616332
616408
616424
616752
616910
616943
616998
617086
617150
617389
617392
617720
618160
618252
618421
618467
618782
618875
619002
619159
619317
619381
619409
619657
619747
619780
619965
620166
620231
620357
620426
620467
620706
621056
621216
621499
621613
621811
621918
1049954
1055906
1068797
1072934
1076713
1093372
1096721
1097200
1098447
1098469
1100202
1100596
1103613
1103895
1105555
1105785
1106108
1106475
1107124
1107136
1108544
1109177
1109767
1109834
1109995
1110039
1110230
1110452
1110861
1110905
1111277
1111349
1111350
1111369
1111621
1111904
1112223
1112405
1112477
1112652
1112709
1112716
1113053
1113082
1113373
1113881
1114908
1115076
1115435
1115493
1115524
1115758
1116060
1116255
1116838
1116885
1117004
1117173
1117484
1118353
1118567
1118743
1118797
1119126
1119298
1119317
1119584
1119669
1120161
1120191
1121070
1121072
1121499
1121792
1121929
1122204
1122473
1122717
1122896
1122909
1122975
1123037
1124677
1124953
1125172
1125338
1125483
1126354
1126469
1126499
1126693
1126801
1127339
1127482
1127624
1128608
1128722
1129013
1129061
1129278
1129325
1129359
1129626
1129720
1130166
1130335
1130362
1130367
1130592
1130634
1131439
1131496
1131936
1132148
1132175
1132291
1132482
1132676
1132711
1132774
1132814
1132823
1133336
1133530
1133858
1133915
1133981
1134213
1134255
1134290
1135462
1135515
1135723
1136117
1136228
1136488
1136695
1136701
1136904
1137008
1138213
1139187
1139645
1139877
1139968
1140314
1140388
1140425
1140434
1140827
1140949
1140970
1141009
1141040
1141068
1141573
1141788
1141857
1141918
1141946
1142489
1142514
1143599
1143734
1144104
1144161
1144308
1144349
1144630
1144830
1144931
1144933
1145061
1145097
1145314
1145368
1145541
1146127
1146880
1147322
1147388
1147434
1147642
1147969
1148164
1148221
1149034
1149176
1149336
1149409
1149492
1149571
1149618
1149791
1150147
1150323
1150701
1150816
1151602
1151657
1151707
1152885
1153349
1153780
1154167
1155396
1155863
1155934
1155959
1156264
1157043
1157205
1157685
1158362
1158399
1158410
1159161
1159202
1159264
1159416
1159503
1159967
1160007
1160185
1160618
1160661
1160679
1160871
1161000
1161069
1161325
1161358
1161421
1161600
1161907
1162372
1162911
1163532
1163535
1163592
1163699
1163949
1164024
1164400
1164775
1165154
1165626
1165648
1165748
1165949
1166195
1166227
1166286
1166596
1166918
1167010
1167130
1167518
1167664
1168363
1168371
1168394
1168808
1169343
1169936
1170221
1170237
1170256
1170391
1170613
1170617
1170873
1170937
1170976
1171011
1171034
1171148
1171312
1171550
1171585
1171722
1172075
1172134
1172316
1172323
1172508
1172584
1172904
1172908
1173091
1174100
1174307
1174686
1175221
1175324
1175387
1175404
1175499
1175551
1176051
1176916
1176947
1177152
1177435
1177665
1177687
1177861
1177907
1177917
1177993
1178425
1179108
1179152
1179559
1179725
1179747
1180137
1180193
1180745
1180772
1180860
1180910
1181185
1181360
1181403
1181503
1181530
1181580
1182040
1182531
1182688
1182969
1183019
1183414
1183943
1184224
1184234
1184506
1184596
1184923
1185287
1185615
1185660
1185822
1185898
1185987
1186046
1186182
1186256
1186561
1186652
1186769
1187206
1187216
1187242
1187320
1187331
1187344
1187515
1187686
1187703
1187843
1188471
1188795
1188801
1188888
1188960
1189128
1189185
1189312
1189592
1189622
1190216
1190461
1190546
1191606
1191669
1191723
1192064
1192426
1192663
1192901
1193198
1193480
1193558
1193679
1193697
1193698
1193894
1193933
1194004
1194501
1194516
1194773
1194803
1194804
1194925
1194999
1195019
1195088
1195163
1195729
1195755
1196023
1197025
1197057
1197070
1197322
1197357
1197530
1198531
1198587
1198676
1198677
1198761
1199111
1199174
1199230
1199303
1199500
1199762
1199802
1199823
1200219
1201350
1201520
1201852
1202473
1203018
1203689
1203854
1204364
1204819
1205540
1205913
1206054
1206332
1206385
1206862
1207061
1207571
1207857
1207899
1208068
1208083
1208167
1208436
1208636
1209010
1209518
1209533
1209715
1210162
1210805
1210816
1210997
1211573
1211594
1211831
1212179
1212262
1212451
1212870
1214068
1214278
1214490
1214892
1215030
1215169
1215292
1215342
1215419
1215441
1215916
1216017
1216226
1216259
1216443
1216448
1216491
1216496
1216568
1216779
1216924
1217076
1217452
1217693
1217754
1217848
1218314
1218345
1218667
1218670
1218937
1218938
1218942
1219169
1219239
1219626
1220046
1220229
1220424
1220742
1220844
1220919
1220926
1221276
1221392
1221678
1221720
1222176
1222408
1222704
1222908
1223091
1223401
1223432
1223489
1223741
1223778
1224185
1224431
1224550
1225023
1225478
1226159
1226453
1226998
1227007
1227808
1227918
1228100
1228694
1228879
1229782
1230256
1230382
1230552
1230808
1230950
1231140
1231253
1231967
1232294
1232338
1232656
1232719
1233198
1233203
1233207
1233344
1233781
1233813
1233877
1233941
1234238
1234253
1234497
1234518
1234544
1234625
1234926
1235007
1235251
1235431
1235502
1235545
1235596
1235633
1235862
1236274
1236510
1236532
1236609
1236711
1236764
1236793
1237104
1237203
1237985
1238014
1238032
1238229
1238947
1239405
1239445
1239574
1239664
1239674
1239760
1239798
1239823
1239896
1240019
1240080
1240667
1240753
1241151
1241664
1241801
1241813
1242016
1242568
1243496
1243550
1243597
1243680
1243696
1244987
1245161
1245238
1245390
1245535
1245641
1245658
1245688
1246090
1246781
1246884
1247066
1247160
1247234
1247452
1247670
1247941
1247972
1248056
1248206
1248283
1248556
1249525
1249747
1249786
1249790
1250299
1250412
1250500
1250634
1250668
1250880
1251427
1251561
1252268
1252397
1252584
1252625
1252630
1252707
1252913
1252921
1253168
1253523
1253616
1254649
1254922
1255251
1255510
1255817
1255882
1256442
1256667
1256674
1256676
1256711
1256748
1256760
1256909
1257290
1257965
1258083
1258206
1258765
1259984
1260052
1260572
1260715
1261194
1261220
1261326
1261392
1261839
1262028
1262065
1262782
1262791
1262963
1263308
1263622
1263643
1264053
1264054
1264341
1264342
1264374
1264386
1264419
1264650
1264959
1264962
1265286
1265346
1265448
1265720
1266035
1266410
1266664
1266889
1266967
1266997
1267252
1267446
1267649
1267706
1267720
1268229
1268500
1269033
1269050
1269055
1269107
1269239
1269800
1270012
1270278
1271412
1271798
1272106
1272300
1272308
1272318
1273037
1273038
1273488
1273847
1274002
1274572
1274656
1274745
1274804
1274830
1274994
1275822
1275834
1276125
1276276
1276502
1276523
1276686
1276729
1277206
1277788
1278007
1278033
1278108
1278449
1278736
1278755
1278883
1279019
1279440
1279507
1279855
1279865
1279920
1280253
1280281
1280393
1280426
1280435
1280577
1280843
1280869
1281207
1281940
1282000
1282124
1282253
1282296
1282423
1283278
1283306
1283364
1283400
1283954
1284099
1284293
1284311
1284315
1284362
1284460
1284549
1285033
1285088
1285255
1285350
1285413
1285428
1285601
1285895
1286412
1286621
1287070
1287461
1287692
1287700
1287786
1287864
1288017
1288100
1288419
1288835
1288892
1289024
1289409
1289459
1289520
1289576
1289748
1290219
1290271
1290386
1290490
1290633
1291594
1291645
1291833
1291859
1291954
1292013
1292108
1292119
1292143
1292311
1292353
1292580
1293350
1293485
1293709
1293969
1293992
1294128
1294273
1294742
1294768
1294812
1295181
1295215
1295625
1295765
1295816
1297098
1297288
1297313
1297542
1297839
1298299
1298329
1298568
1298713
1298950
1299023
1299172
1299214
1299460
1299486
1299608
1299630
1299850
1300276
1300308
1300669
1300782
1301287
1301521
1301739
1301873
1302302
1302338
1302375
1302584
1304035
1304263
1304320
1304584
1304816
1304909
1305007
1305131
1305272
1305332
1305493
1305534
1305584
1305654
1305789
1306002
1306788
1307132
1307182
1307281
1307707
1307778
1307861
1307891
1307939
1308602
1308611
1308617
1308847
1308908
1309465
1309564
1309667
1310556
1310904
1311264
1311423
1311431
1311435
1311794
1311818
1311845
1311877
1312553
1312806
1312861
1313426
1313582
1313754
1314168
1314638
1314706
1315041
1315403
1316078
1316837
1317317
1317709
1317962
1318321
1318584
1318753
1318956
1318995
1319008
1319056
1319383
1319493
1319605
1320266
1320388
1320478
1321128
1321712
1321861
1322142
1322642
1322747
1322791
1322997
1323152
1323171
1323507
1323577
1323869
1323945
1324079
1324121
1324204
1324235
1325217
1325549
1325891
1326045
1326353
1326502
1326864
1327057
1327458
1327659
1327743
1328108
1328124
1328312
1328489
1329064
1329275
1329420
1329596
1329712
1330486
1330832
1330856
1330969
1330975
1331194
1331388
1331596
1331779
1332093
1332886
1332912
1333287
1333384
1333391
1333405
1333423
1333485
1333721
1333887
1334068
1334119
1334403
1334498
1334502
1335094
1335505
1335737
1335775
1335778
1335786
1336002
1336272
1336337
1336601
1336987
1337133
1337334
1337444
1337862
1337947
1338078
1338243
1338295
1338469
1338681
1338863
1339953
1340603
1340637
1341279
1341344
1341898
1343228
1343434
1343598
1343791
1344173
1344335
1344404
1344704
1345187
1345318
1345581
1346448
1346517
1347380
1347485
1348043
1348657
1348660
1348827
1349003
1349045
1349302
1349341
1349964
1350544
1350615
1350777
1350939
1351450
1351558
1352180
1352188
1352474
1352482
1352905
1353207
1353423
1353641
1353808
1354077
1354092
1354295
1354313
1354409
1354861
1354998
1355012
1355111
1355319
1355327
1355589
1355661
1355908
1357353
1357360
1357529
1357581
1357648
1357780
1358115
1358569
1358793
1359046
1359403
1359511
1360022
1360217
1360408
1360516
1360651
1360801
1361047
1361445
1361702
1363765
1363937
1364560
1364815
1365070
1365723
1366402
1366426
1367805
1367952
1368037
1368330
1368389
1368442
1368721
1368910
1369068
1369144
1369372
1369509
1369722
1370131
1370155
1370474
1370695
1371134
1371225
1371260
1371561
1373012
1373739
1373825
1373850
1374025
1374592
1374786
1374833
1375531
1375637
1376043
1376085
1376708
1376750
1377235
1377559
1378297
1378363
1378997
1380663
1380709
1380757
1381036
1381143
1382214
1382283
1382297
1383052
1383935
1384197
1384458
1385150
1385321
1385348
1385719
1385952
1386112
1386199
1386290
1386317
1386382
1386723
1386823
1387244
1387329
1387460
1388400
1388741
1389201
1389250
1389418
1389588
1389950
1390320
1390396
1390600
1390867
1390904
1391214
1391230
1391234
1391324
1391342
1391377
1393351
1393358
1393366
1393955
1394065
1394307
1394408
1394572
1395348
1395571
1396035
1396198
1396455
1396469
1396717
1396904
1397276
1397281
1397359
1397569
1397943
1398619
1398805
1399541
1399652
1399805
1400414
1400416
1400428
1401144
1401288
1401442
1401606
1401612
1401796
1402202
1403120
1403178
1403220
1403945
1404367
1404818
1404882
1405136
1405177
1405967
1406133
1406161
1406196
1406795
1408434
1408446
1408603
1408716
1410715
1416569
1418557
1418876
1419047
1420617
1420870
1421120
1424932
1425511
1425984
1434647
1434816
1436546
1439501
1439503
1440690
1442068
1442084
1447042
1447971
1448849
1450298
1453016
1453017
1453019
1453088
1454828
1456514
