# v5 etiketleyicisinin eledigi, kurulu modelin egitiminde GORULMEYEN belgeler. TR_v4_karantina1051 olcumunun kumesi.
# 1051 makale
4981
15600
19561
19572
21297
22059
24225
24755
36715
37546
38731
40372
42513
42521
45158
46734
48813
48947
49377
50053
51767
52572
54767
55129
55131
55703
56218
56511
56968
57417
57443
59700
59767
60250
60981
61055
62746
62753
63226
63741
64333
64545
65025
65428
65838
65842
68181
68921
70634
70824
71120
71495
71593
71748
71883
72116
72699
73239
74656
74693
75299
76216
76755
77691
79382
79935
80145
80717
80925
81202
82293
82549
84285
84572
85127
86234
86508
86572
86583
86765
87425
87485
88143
89014
90112
90333
90390
90984
93369
94120
94440
96644
97073
99328
99836
100900
101176
102723
103913
105278
106701
107721
108723
110394
110511
111751
112169
113350
114293
114610
115299
116922
117447
118757
120164
120269
120982
121275
121562
121847
122653
122953
123930
125081
126565
126656
126916
128387
129149
129278
129511
130521
130880
131175
131638
131671
131844
131906
131962
132527
132708
132924
132937
133660
133776
133839
134061
134453
134699
135051
135841
135917
136246
136737
136768
137166
137178
137214
137908
138247
138517
138979
139456
139791
141326
141373
142327
143131
143388
143562
143698
144759
145643
145976
146603
147276
148114
148502
148880
149096
149380
149846
152098
152573
152788
153003
153217
153294
153603
154400
154450
155381
155392
155437
155962
156270
156776
156808
157276
158224
158541
158664
159582
160856
160888
161632
162481
164402
166579
166789
167065
167229
168057
168581
169212
169771
170203
172811
172856
176114
176358
176904
177063
179018
179255
179315
179559
179584
179897
180912
180971
181241
181869
182565
182584
183519
184467
185881
186517
187568
187959
188132
189440
189455
190367
191368
191909
196031
197133
197158
199426
200093
200098
202839
202963
203880
204995
205195
205866
205933
206054
206107
206683
210791
211046
211344
212542
214850
216059
216843
217814
217956
218183
219269
219723
219790
219918
220245
221884
222083
222447
224747
225050
225285
225626
226484
228430
228803
229059
230626
231757
231890
232629
233168
233386
234607
235064
235197
235440
236172
236313
236470
237498
237506
237663
237880
238307
239282
240086
240275
240580
240962
241547
242784
244007
245010
247092
247310
248631
250621
250874
250948
251432
251982
253903
256640
256827
257735
257783
257964
258244
258564
259715
259753
260206
260282
260459
260524
261123
261125
261404
262807
262931
263872
264225
264417
264903
268076
269344
270118
271059
271387
271663
272305
274463
275202
279121
279511
279844
281289
281901
282997
283095
283111
283362
283380
283383
284045
285322
285977
287196
287349
287462
287748
287901
287938
288959
289278
290479
290690
290912
290919
292725
292883
292888
293151
293795
294777
294952
295796
295814
296106
297684
298478
300561
300987
301205
302075
302413
302930
303291
303654
303757
304338
304468
304603
304894
305417
306263
307151
308749
309616
309897
310103
310164
311639
312419
312609
312982
313061
313398
314140
314932
314977
315698
315963
318304
318355
318493
318898
319057
319603
319631
319843
319849
320857
321394
322031
322852
323814
324488
324890
325768
326633
326723
327154
327409
327445
327536
328235
328361
329402
329862
329973
330375
330466
331128
331992
333043
333659
334450
335367
336637
337929
338173
339088
339503
339702
339800
340001
341329
341779
342925
342957
343233
345268
345732
346023
347270
348761
348927
350979
351942
354323
354512
356014
356862
357190
357433
358138
358508
359035
361270
362484
363130
364997
366051
366811
366842
366866
367755
369221
369254
370049
370204
370378
370857
371211
371978
373640
373701
374301
374531
375593
376374
376960
377932
378016
378165
378976
382349
382656
382782
385359
385418
386604
386797
386849
387230
387320
387573
387622
388866
389165
389175
389946
391056
392914
395269
396023
396542
396945
400197
401249
401991
402198
402850
402948
403085
405473
405818
405868
406049
406890
407476
407899
408773
408777
408785
410280
412087
412274
412448
413345
413406
415712
415778
416034
416248
416534
418511
420370
420787
421537
421583
422948
423223
423251
423445
423486
424005
424062
425183
425920
427360
427520
429445
429849
430851
432132
437667
440090
440093
440101
441802
441941
447017
447528
447859
448914
450082
451326
451507
451691
451921
452635
453794
454312
456241
456734
457094
457837
458788
459199
462770
463439
463631
465790
466940
468445
469034
470413
470492
470599
471314
471778
472169
473579
473811
473848
477163
477492
480660
480856
482859
484580
484603
486772
487359
487492
487607
488081
489308
489822
490538
492374
493652
494125
494659
494868
500052
500325
500544
501220
502518
503438
505585
505620
505888
506140
506157
506298
506516
506523
506567
506623
507818
508054
508859
508996
509330
509906
509911
509967
510396
510438
511067
512375
512641
514099
514565
514871
517603
517914
517916
517987
518621
518817
519783
520261
522878
523129
523177
523978
524528
525591
525813
529062
529975
531987
532207
533155
534599
602077
607250
607314
608231
608792
609023
609562
609782
610506
610962
611265
611478
611852
611877
612364
614044
614130
615333
615376
616218
616943
617086
617392
619381
619409
619657
621216
1055906
1076713
1093372
1096721
1100202
1103895
1108544
1110039
1110452
1111277
1117173
1118353
1118567
1118743
1119669
1122473
1122909
1122975
1126801
1127339
1127482
1128608
1128722
1129325
1129359
1129626
1129720
1130367
1131439
1132482
1132774
1133336
1133858
1133915
1134290
1136904
1137008
1140314
1140949
1141040
1142514
1144933
1145061
1145314
1147388
1147969
1149176
1149791
1151657
1155396
1157205
1157685
1158362
1159202
1159264
1159416
1159503
1162372
1163699
1164024
1164400
1164775
1165949
1166596
1167130
1168371
1170391
1170613
1170617
1170873
1170937
1171011
1171550
1174100
1174307
1175221
1175404
1176051
1176947
1177687
1177861
1177907
1178425
1179747
1180193
1180772
1180910
1181360
1181530
1182688
1183019
1183943
1187216
1187331
1187344
1188795
1189128
1189185
1189622
1191606
1194803
1194999
1196023
1197070
1197322
1198677
1198761
1199230
1201852
1204364
1207061
1207857
1208436
1210162
1210805
1211594
1212179
1214068
1214278
1215441
1216491
1216568
1218670
1218937
1218942
1219626
1222408
1222704
1224185
1224431
1224550
1225023
1226159
1228879
1229782
1230552
1230808
1233344
1234238
1235431
1235596
1235633
1237104
1239445
1239760
1239798
1240667
1240753
1241813
1243496
1245161
1245658
1248556
1249790
1250880
1252268
1252397
1252584
1253523
1253616
1254922
1256442
1256909
1260715
1261220
1261326
1261392
1261839
1262028
1262791
1263308
1264053
1264342
1264419
1264650
1269033
1269055
1270012
1270278
1271798
1274745
1276276
1277206
1278736
1280253
1283400
1284549
1285413
1285601
1286412
1287461
1287864
1288419
1288835
1289520
1289748
1291645
1292013
1292108
1293350
1293485
1293992
1294128
1295215
1297313
1298568
1299172
1299214
1299608
1299850
1301287
1302338
1307281
1307707
1307891
1308602
1308908
1309667
1311794
1312861
1313582
1315403
1316837
1317317
1318321
1318584
1318753
1319008
1320266
1321712
1321861
1322747
1323152
1323507
1323577
1323869
1323945
1324204
1325217
1325549
1326353
1328108
1328489
1329420
1330856
1331194
1332912
1333405
1333485
1334068
1335094
1335775
1335778
1336002
1336337
1338078
1338243
1338295
1338469
1338681
1346448
1346517
1347380
1349045
1350544
1350939
1351450
1352905
1353207
1353423
1355012
1355319
1355327
1355661
1357353
1357648
1358569
1360217
1360801
1364815
1368910
1369068
1369722
1370155
1371134
1374833
1375637
1376043
1376708
1376750
1378297
1378997
1382283
1385348
1388400
1388741
1389201
1389418
1390867
1390904
1391342
1393366
1395348
1395571
1396035
1396469
1397359
1399541
1399805
1401288
1404367
1405177
1405967
1408434
1408603
1418876
1419047
1440690
1450298
1453017
1453019
